size_mi=0
1 163835.502390 
2 250813.852893 
4 472853.098749 
8 555952.952300 
16 435125.799485 
32 742078.378384 
64 910042.577727 

size_mi=1
1 142421.858214 
2 253494.412267 
4 461813.716789 
8 491577.943647 
16 435444.361006 
32 955417.892514 
64 873083.344387 

size_mi=2
1 140139.218210 
2 253638.240647 
4 476709.715736 
8 531074.200232 
16 440853.058621 
32 440041.090791 
64 891366.565530 

size_mi=3
1 140294.530467 
2 256541.071946 
4 453240.154686 
8 528475.518423 
16 441879.843166 
32 749396.879024 
64 798186.484312 

size_mi=4
1 142351.168335 
2 255259.779992 
4 429947.505438 
8 588934.602664 
16 449613.210188 
32 821969.913621 
64 884862.934175 

size_mi=5
1 155224.060632 
2 254621.429742 
4 455530.910643 
8 546474.520176 
16 450533.108757 
32 442647.733905 
64 921133.173938 

size_mi=6
1 143726.570614 
2 252230.205411 
4 429211.819984 
8 561199.022881 
16 443099.922719 
32 892839.711995 
64 768394.360804 

size_mi=7
1 139147.791071 
2 259170.761394 
4 456705.925178 
8 506215.712517 
16 445519.180351 
32 887194.437691 
64 792270.368426 

size_mi=8
1 139137.982577 
2 247903.503995 
4 476549.800148 
8 508391.218240 
16 461194.727005 
32 904722.572579 
64 840748.828053 

size_mi=9
1 142106.478575 
2 252372.310688 
4 376039.050719 
8 545452.302273 
16 453967.767758 
32 851246.143008 
64 718095.016338 

size_mi=10
1 131329.615539 
2 240857.176213 
4 385855.368940 
8 592083.561915 
16 479688.169385 
32 337455.998992 
64 796815.818854 

size_mi=11
1 94757.683780 
2 172222.741973 
4 294173.455273 
8 450616.815795 
16 455175.475609 
32 585552.316093 
64 595821.410473 

size_mi=12
1 79627.942699 
2 126434.576422 
4 247680.145556 
8 391638.968736 
16 445509.358214 
32 493966.161481 
64 622734.529448 


