size_mi=0 
AVA= 0.000007143 0.000004168 0.000005036 0.000005447 0.000006252 0.000006399 0.000006487 0.000006545 0.000006588 0.000006626 0.000006667 0.000006719 0.000006810 0.000007029 0.000007354 0.000007618 0.000007737 0.000008159 0.000008871 0.000009060 0.000009242 0.002048352 
AVA= 0.000007990 0.000004061 0.000006474 0.000007492 0.000007681 0.000007745 0.000007789 0.000007822 0.000007850 0.000007880 0.000007907 0.000007930 0.000007960 0.000007991 0.000008027 0.000008073 0.000008135 0.000008232 0.000008381 0.000008757 0.000009263 0.002021179 
AVA= 0.000007834 0.000004169 0.000006218 0.000006559 0.000006767 0.000006941 0.000007048 0.000007128 0.000007198 0.000007264 0.000007329 0.000007404 0.000007497 0.000007609 0.000007717 0.000007821 0.000007955 0.000008124 0.000008390 0.000008997 0.000012336 0.001491697 
AVA= 0.000021830 0.000005442 0.000015064 0.000015425 0.000015665 0.000015862 0.000016029 0.000016182 0.000016334 0.000016489 0.000016647 0.000016818 0.000017030 0.000017333 0.000019788 0.000030717 0.000031496 0.000032053 0.000032543 0.000033067 0.000033720 0.003346785 
AVA= 0.000034254 0.000005978 0.000032307 0.000032738 0.000033016 0.000033230 0.000033411 0.000033573 0.000033723 0.000033864 0.000034001 0.000034137 0.000034273 0.000034411 0.000034557 0.000034713 0.000034887 0.000035087 0.000035337 0.000035696 0.000036435 0.007429139 
AVA= 0.000042863 0.000006943 0.000034260 0.000034757 0.000035083 0.000035342 0.000035564 0.000035766 0.000035956 0.000036140 0.000036326 0.000036517 0.000036722 0.000036947 0.000037210 0.000037547 0.000038063 0.000039783 0.000070135 0.000071796 0.000073289 0.007643809 
AVA= 0.000081597 0.000007659 0.000056115 0.000058165 0.000059462 0.000060478 0.000061355 0.000062155 0.000062924 0.000063688 0.000064481 0.000065346 0.000066353 0.000067668 0.000069928 0.000089355 0.000116562 0.000121138 0.000124286 0.000127311 0.000131308 0.017806418 

size_mi=1 
AVA= 0.000006872 0.000004235 0.000005263 0.000006506 0.000006582 0.000006614 0.000006639 0.000006657 0.000006676 0.000006690 0.000006711 0.000006725 0.000006751 0.000006780 0.000006851 0.000006989 0.000007104 0.000007257 0.000007468 0.000007629 0.000007959 0.002017235 
AVA= 0.000007786 0.000004410 0.000006615 0.000007028 0.000007413 0.000007488 0.000007536 0.000007571 0.000007603 0.000007632 0.000007655 0.000007681 0.000007709 0.000007734 0.000007766 0.000007805 0.000007854 0.000007919 0.000008009 0.000008180 0.000008884 0.002024620 
AVA= 0.000008106 0.000004437 0.000006842 0.000007167 0.000007400 0.000007551 0.000007671 0.000007784 0.000007876 0.000007941 0.000007996 0.000008045 0.000008091 0.000008138 0.000008186 0.000008241 0.000008308 0.000008399 0.000008539 0.000008783 0.000009215 0.002027100 
AVA= 0.000014545 0.000005180 0.000012490 0.000012895 0.000013167 0.000013405 0.000013615 0.000013811 0.000013998 0.000014174 0.000014342 0.000014508 0.000014672 0.000014835 0.000015002 0.000015173 0.000015342 0.000015519 0.000015741 0.000016018 0.000016442 0.008288171 
AVA= 0.000035614 0.000004784 0.000033458 0.000033965 0.000034283 0.000034528 0.000034739 0.000034926 0.000035098 0.000035261 0.000035418 0.000035572 0.000035724 0.000035877 0.000036031 0.000036191 0.000036362 0.000036552 0.000036777 0.000037074 0.000037593 0.004315783 
AVA= 0.000042474 0.000008298 0.000033856 0.000034417 0.000034821 0.000035154 0.000035451 0.000035720 0.000035969 0.000036206 0.000036437 0.000036667 0.000036903 0.000037153 0.000037431 0.000037767 0.000038245 0.000039470 0.000068651 0.000071207 0.000073403 0.026886516 
AVA= 0.000078544 0.000007138 0.000045120 0.000051664 0.000055418 0.000057288 0.000058585 0.000059650 0.000060614 0.000061560 0.000062555 0.000063696 0.000065197 0.000068035 0.000081370 0.000091428 0.000107899 0.000116558 0.000119923 0.000122828 0.000126893 0.044131269 

size_mi=2 
AVA= 0.000006168 0.000004099 0.000004637 0.000004824 0.000004874 0.000005053 0.000005098 0.000005125 0.000005155 0.000005197 0.000005436 0.000005485 0.000005599 0.000006349 0.000006610 0.000007090 0.000007301 0.000007874 0.000008041 0.000008121 0.000008222 0.002014745 
AVA= 0.000007741 0.000004141 0.000006826 0.000007323 0.000007447 0.000007507 0.000007546 0.000007576 0.000007604 0.000007633 0.000007655 0.000007681 0.000007709 0.000007734 0.000007765 0.000007802 0.000007847 0.000007912 0.000008002 0.000008165 0.000008602 0.002016443 
AVA= 0.000008748 0.000004324 0.000006598 0.000006922 0.000007133 0.000007299 0.000007425 0.000007536 0.000007632 0.000007708 0.000007776 0.000007843 0.000007914 0.000007989 0.000008078 0.000008210 0.000008456 0.000008892 0.000010833 0.000014097 0.000015056 0.001657318 
AVA= 0.000015778 0.000004736 0.000013309 0.000013886 0.000014344 0.000014734 0.000015061 0.000015311 0.000015508 0.000015680 0.000015832 0.000015973 0.000016105 0.000016231 0.000016353 0.000016474 0.000016600 0.000016737 0.000016894 0.000017087 0.000017372 0.004106662 
AVA= 0.000038133 0.000007385 0.000032396 0.000032955 0.000033343 0.000033659 0.000033935 0.000034188 0.000034426 0.000034653 0.000034875 0.000035097 0.000035320 0.000035553 0.000035794 0.000036057 0.000036360 0.000036738 0.000037348 0.000041624 0.000068247 0.067504383 
AVA= 0.000042131 0.000007745 0.000033603 0.000034184 0.000034576 0.000034886 0.000035154 0.000035394 0.000035618 0.000035834 0.000036046 0.000036261 0.000036486 0.000036730 0.000037012 0.000037363 0.000037881 0.000039151 0.000068379 0.000070766 0.000072647 0.004063755 


size_mi=3 
AVA= 0.000006541 0.000004199 0.000005650 0.000005799 0.000005891 0.000006155 0.000006413 0.000006461 0.000006490 0.000006517 0.000006534 0.000006556 0.000006572 0.000006595 0.000006614 0.000006640 0.000006676 0.000006721 0.000006784 0.000006881 0.000007261 0.002017627 
AVA= 0.000007583 0.000004062 0.000006273 0.000007017 0.000007175 0.000007304 0.000007403 0.000007462 0.000007506 0.000007541 0.000007571 0.000007601 0.000007630 0.000007652 0.000007679 0.000007708 0.000007737 0.000007777 0.000007839 0.000007963 0.000008489 0.002025079 
AVA= 0.000007757 0.000004295 0.000006216 0.000006625 0.000006809 0.000006948 0.000007103 0.000007256 0.000007359 0.000007435 0.000007499 0.000007559 0.000007617 0.000007679 0.000007749 0.000007832 0.000007932 0.000008058 0.000008231 0.000008497 0.000009418 0.002026612 
AVA= 0.000019502 0.000004571 0.000012043 0.000012573 0.000012926 0.000013199 0.000013467 0.000013750 0.000014056 0.000014427 0.000014865 0.000015406 0.000016311 0.000022262 0.000023925 0.000024963 0.000025879 0.000026923 0.000028276 0.000029590 0.000031075 0.002945002 
AVA= 0.000034932 0.000005642 0.000032911 0.000033364 0.000033650 0.000033873 0.000034065 0.000034237 0.000034396 0.000034548 0.000034695 0.000034840 0.000034985 0.000035133 0.000035287 0.000035452 0.000035634 0.000035843 0.000036097 0.000036441 0.000037067 0.002535570 
AVA= 0.000042275 0.000006735 0.000033723 0.000034189 0.000034505 0.000034760 0.000034984 0.000035190 0.000035385 0.000035578 0.000035773 0.000035974 0.000036190 0.000036433 0.000036717 0.000037090 0.000037717 0.000040300 0.000068955 0.000070601 0.000072197 0.003479891 
AVA= 0.000071565 0.000007075 0.000034939 0.000042642 0.000046480 0.000050183 0.000053193 0.000055336 0.000057070 0.000058681 0.000060374 0.000062433 0.000065798 0.000074903 0.000079295 0.000082397 0.000085715 0.000090895 0.000107096 0.000114279 0.000120379 0.020852595 

size_mi=4 
AVA= 0.000006132 0.000004066 0.000004622 0.000004886 0.000005082 0.000005098 0.000005114 0.000005123 0.000005142 0.000005177 0.000005469 0.000005520 0.000005615 0.000006359 0.000006446 0.000007079 0.000007207 0.000007276 0.000007578 0.000008100 0.000008197 0.002012518 
AVA= 0.000007645 0.000004053 0.000006524 0.000007161 0.000007331 0.000007399 0.000007446 0.000007485 0.000007521 0.000007553 0.000007579 0.000007605 0.000007634 0.000007659 0.000007686 0.000007720 0.000007760 0.000007809 0.000007887 0.000008040 0.000008612 0.002020534 
AVA= 0.000008754 0.000004329 0.000005944 0.000006262 0.000006470 0.000006681 0.000006845 0.000006955 0.000007061 0.000007180 0.000007333 0.000007532 0.000007727 0.000007988 0.000008356 0.000008920 0.000010392 0.000011883 0.000012735 0.000013381 0.000014022 0.002020658 
AVA= 0.000013910 0.000005201 0.000011576 0.000011976 0.000012251 0.000012478 0.000012679 0.000012865 0.000013042 0.000013208 0.000013368 0.000013527 0.000013691 0.000013863 0.000014045 0.000014241 0.000014465 0.000014735 0.000015067 0.000015501 0.000016417 0.008232242 
AVA= 0.000034953 0.000005434 0.000033059 0.000033483 0.000033760 0.000033977 0.000034163 0.000034328 0.000034480 0.000034623 0.000034760 0.000034896 0.000035031 0.000035168 0.000035310 0.000035460 0.000035624 0.000035810 0.000036030 0.000036320 0.000036822 0.007658653 
AVA= 0.000042623 0.000006846 0.000032640 0.000033186 0.000033544 0.000033830 0.000034077 0.000034302 0.000034517 0.000034727 0.000034940 0.000035162 0.000035404 0.000035683 0.000036029 0.000036553 0.000038160 0.000066366 0.000068103 0.000069364 0.000070745 0.036925967 
AVA= 0.000069414 0.000006287 0.000031226 0.000040420 0.000043301 0.000045783 0.000048495 0.000051500 0.000054031 0.000056110 0.000058130 0.000060506 0.000064810 0.000077730 0.000081581 0.000084167 0.000086750 0.000090025 0.000095671 0.000109854 0.000117691 0.030217331 

size_mi=5 
AVA= 0.000006722 0.000004296 0.000005064 0.000005340 0.000005421 0.000005518 0.000005565 0.000005588 0.000005610 0.000005655 0.000005896 0.000005976 0.000006166 0.000006752 0.000007473 0.000007679 0.000007862 0.000008217 0.000008682 0.000008912 0.000009000 0.002013685 
AVA= 0.000007599 0.000004072 0.000006484 0.000006685 0.000007057 0.000007302 0.000007393 0.000007442 0.000007482 0.000007516 0.000007548 0.000007578 0.000007608 0.000007639 0.000007669 0.000007703 0.000007741 0.000007789 0.000007858 0.000007999 0.000008460 0.002019068 
AVA= 0.000009333 0.000004474 0.000006365 0.000006612 0.000006851 0.000007044 0.000007194 0.000007345 0.000007503 0.000007656 0.000007821 0.000008016 0.000008277 0.000008631 0.000009124 0.000009886 0.000011661 0.000012770 0.000013462 0.000014095 0.000014839 0.001881190 
AVA= 0.000016029 0.000004815 0.000014703 0.000015021 0.000015227 0.000015383 0.000015513 0.000015627 0.000015731 0.000015828 0.000015921 0.000016011 0.000016099 0.000016188 0.000016280 0.000016377 0.000016483 0.000016603 0.000016738 0.000016902 0.000017150 0.002599167 
AVA= 0.000033741 0.000004676 0.000031418 0.000031882 0.000032196 0.000032449 0.000032670 0.000032869 0.000033055 0.000033233 0.000033406 0.000033577 0.000033749 0.000033926 0.000034111 0.000034310 0.000034528 0.000034776 0.000035076 0.000035474 0.000036161 0.096305785 
AVA= 0.000036348 0.000007224 0.000029963 0.000030591 0.000031043 0.000031440 0.000031779 0.000032078 0.000032340 0.000032580 0.000032805 0.000033021 0.000033234 0.000033451 0.000033682 0.000033939 0.000034252 0.000034714 0.000035940 0.000060587 0.000065406 0.004117695 
AVA= 0.000067962 0.000006775 0.000030874 0.000040579 0.000043303 0.000045246 0.000046985 0.000048698 0.000050537 0.000052699 0.000055463 0.000059086 0.000064927 0.000077806 0.000081998 0.000084731 0.000087207 0.000089927 0.000093602 0.000100111 0.000114395 0.102843362 

size_mi=6 
AVA= 0.000005983 0.000004057 0.000004768 0.000004793 0.000004819 0.000004886 0.000005265 0.000005343 0.000005561 0.000005587 0.000005612 0.000005710 0.000005893 0.000005918 0.000005940 0.000005976 0.000006461 0.000006735 0.000007473 0.000007712 0.000007894 0.002012114 
AVA= 0.000007669 0.000004165 0.000006826 0.000007117 0.000007232 0.000007320 0.000007385 0.000007434 0.000007475 0.000007511 0.000007546 0.000007579 0.000007612 0.000007647 0.000007684 0.000007727 0.000007778 0.000007845 0.000007959 0.000008213 0.000008819 0.002021673 
AVA= 0.000009141 0.000004188 0.000005561 0.000005916 0.000006171 0.000006425 0.000006673 0.000006939 0.000007247 0.000007524 0.000007785 0.000007951 0.000008076 0.000008217 0.000008404 0.000008601 0.000008920 0.000009516 0.000010625 0.000011462 0.000012647 0.012100079 
AVA= 0.000016213 0.000004752 0.000014818 0.000015157 0.000015373 0.000015538 0.000015674 0.000015793 0.000015901 0.000016004 0.000016102 0.000016197 0.000016290 0.000016382 0.000016477 0.000016576 0.000016683 0.000016800 0.000016930 0.000017085 0.000017311 0.004237744 
AVA= 0.000033801 0.000005717 0.000031783 0.000032221 0.000032506 0.000032730 0.000032923 0.000033096 0.000033256 0.000033409 0.000033557 0.000033702 0.000033849 0.000034000 0.000034156 0.000034323 0.000034505 0.000034712 0.000034960 0.000035292 0.000035861 0.007776461 
AVA= 0.000042918 0.000006227 0.000029887 0.000030469 0.000030848 0.000031150 0.000031418 0.000031668 0.000031914 0.000032167 0.000032443 0.000032772 0.000033219 0.000034104 0.000037908 0.000060933 0.000062160 0.000063052 0.000063865 0.000064745 0.000066041 0.078395819 
AVA= 0.000068406 0.000007691 0.000029874 0.000039529 0.000043012 0.000045346 0.000047543 0.000049941 0.000052593 0.000055199 0.000057730 0.000060665 0.000066498 0.000078936 0.000082440 0.000084831 0.000087041 0.000089531 0.000093058 0.000100880 0.000114584 0.020350588 

size_mi=7 
AVA= 0.000006952 0.000004401 0.000005025 0.000005384 0.000005507 0.000005565 0.000005622 0.000005659 0.000005760 0.000005838 0.000006044 0.000006513 0.000006876 0.000007330 0.000007689 0.000007786 0.000008023 0.000008380 0.000008731 0.000009164 0.000009798 0.002014573 
AVA= 0.000007866 0.000004416 0.000006712 0.000007218 0.000007333 0.000007395 0.000007439 0.000007476 0.000007508 0.000007538 0.000007568 0.000007598 0.000007629 0.000007662 0.000007699 0.000007744 0.000007803 0.000007894 0.000008078 0.000008521 0.000009532 0.003282330 
AVA= 0.000008144 0.000004451 0.000006597 0.000007000 0.000007180 0.000007336 0.000007492 0.000007616 0.000007700 0.000007763 0.000007819 0.000007869 0.000007920 0.000007972 0.000008031 0.000008103 0.000008201 0.000008358 0.000008566 0.000008919 0.000010791 0.001249674 
AVA= 0.000015597 0.000004632 0.000014130 0.000014465 0.000014680 0.000014844 0.000014980 0.000015097 0.000015203 0.000015303 0.000015400 0.000015494 0.000015590 0.000015687 0.000015788 0.000015893 0.000016008 0.000016139 0.000016292 0.000016483 0.000016785 0.008391771 
AVA= 0.000032407 0.000005207 0.000029397 0.000029877 0.000030198 0.000030460 0.000030691 0.000030909 0.000031126 0.000031351 0.000031587 0.000031842 0.000032130 0.000032466 0.000032868 0.000033340 0.000033843 0.000034349 0.000034877 0.000035485 0.000036329 0.021366504 
AVA= 0.000036292 0.000005671 0.000029883 0.000030411 0.000030749 0.000031013 0.000031244 0.000031454 0.000031652 0.000031846 0.000032043 0.000032246 0.000032464 0.000032708 0.000032997 0.000033364 0.000033911 0.000034904 0.000036908 0.000061853 0.000064247 0.020636957 
AVA= 0.000073735 0.000007036 0.000040851 0.000045243 0.000047790 0.000050089 0.000052422 0.000054601 0.000056510 0.000058260 0.000059987 0.000061900 0.000064487 0.000071799 0.000085054 0.000089712 0.000093972 0.000099228 0.000109272 0.000116641 0.000122846 0.016113721 

size_mi=8 
AVA= 0.000006992 0.000004412 0.000005288 0.000005439 0.000005504 0.000005560 0.000005595 0.000005632 0.000005760 0.000005798 0.000005936 0.000006933 0.000007428 0.000007607 0.000007740 0.000007951 0.000008113 0.000008367 0.000008620 0.000008892 0.000009446 0.002018930 
AVA= 0.000007658 0.000004320 0.000006664 0.000007185 0.000007275 0.000007332 0.000007378 0.000007420 0.000007460 0.000007500 0.000007540 0.000007577 0.000007614 0.000007649 0.000007685 0.000007724 0.000007768 0.000007824 0.000007901 0.000008020 0.000008465 0.002023349 
AVA= 0.000008243 0.000004520 0.000006595 0.000006958 0.000007166 0.000007350 0.000007476 0.000007558 0.000007629 0.000007698 0.000007760 0.000007816 0.000007870 0.000007925 0.000007987 0.000008062 0.000008160 0.000008300 0.000008510 0.000008957 0.000013826 0.002027509 
AVA= 0.000015798 0.000005496 0.000013085 0.000013725 0.000014302 0.000014786 0.000015120 0.000015347 0.000015527 0.000015680 0.000015810 0.000015929 0.000016043 0.000016157 0.000016271 0.000016385 0.000016503 0.000016632 0.000016781 0.000016968 0.000017241 0.008139075 
AVA= 0.000031778 0.000005450 0.000029188 0.000029651 0.000029964 0.000030219 0.000030440 0.000030646 0.000030846 0.000031042 0.000031244 0.000031458 0.000031686 0.000031934 0.000032205 0.000032503 0.000032828 0.000033191 0.000033604 0.000034113 0.000034883 0.006710734 
AVA= 0.000044918 0.000006113 0.000030097 0.000030860 0.000031363 0.000031767 0.000032120 0.000032450 0.000032778 0.000033127 0.000033533 0.000034078 0.000035040 0.000036970 0.000060061 0.000062321 0.000063647 0.000064701 0.000065693 0.000066818 0.000068775 0.017596182 
AVA= 0.000084969 0.000007524 0.000057517 0.000059732 0.000061104 0.000062177 0.000063104 0.000063963 0.000064798 0.000065644 0.000066542 0.000067544 0.000068752 0.000070451 0.000074361 0.000108977 0.000121747 0.000125519 0.000128365 0.000131216 0.000135171 0.038560878 

size_mi=9 
AVA= 0.000007312 0.000004620 0.000005575 0.000005662 0.000005873 0.000006245 0.000006290 0.000006331 0.000006431 0.000006686 0.000006732 0.000006769 0.000006830 0.000007142 0.000007516 0.000007756 0.000008187 0.000008440 0.000008809 0.000009422 0.000009932 0.002018469 
AVA= 0.000007605 0.000004483 0.000006591 0.000006905 0.000007034 0.000007104 0.000007156 0.000007201 0.000007247 0.000007298 0.000007366 0.000007449 0.000007524 0.000007584 0.000007635 0.000007682 0.000007731 0.000007788 0.000007875 0.000008084 0.000008686 0.002013885 
AVA= 0.000008505 0.000004529 0.000006162 0.000006496 0.000006724 0.000006897 0.000007033 0.000007161 0.000007294 0.000007423 0.000007538 0.000007648 0.000007772 0.000007919 0.000008079 0.000008294 0.000008664 0.000009396 0.000011200 0.000012888 0.000013992 0.002402990 
AVA= 0.000015969 0.000004827 0.000014287 0.000014664 0.000014911 0.000015098 0.000015256 0.000015395 0.000015522 0.000015640 0.000015755 0.000015866 0.000015977 0.000016088 0.000016200 0.000016315 0.000016437 0.000016575 0.000016737 0.000016944 0.000017246 0.008244373 
AVA= 0.000031818 0.000005262 0.000028871 0.000029369 0.000029696 0.000029957 0.000030183 0.000030391 0.000030590 0.000030788 0.000030988 0.000031197 0.000031430 0.000031694 0.000032011 0.000032415 0.000032935 0.000033553 0.000034212 0.000034950 0.000036000 0.058969462 
AVA= 0.000045475 0.000007746 0.000029708 0.000030395 0.000030871 0.000031278 0.000031674 0.000032094 0.000032581 0.000033182 0.000033918 0.000034790 0.000035956 0.000041770 0.000060770 0.000062047 0.000063041 0.000064073 0.000065428 0.000067341 0.000069664 0.016425719 
AVA= 0.000075617 0.000006962 0.000045098 0.000047953 0.000049853 0.000051533 0.000053240 0.000055181 0.000057549 0.000060074 0.000062275 0.000064226 0.000066238 0.000068865 0.000075741 0.000093135 0.000098550 0.000103041 0.000110367 0.000123009 0.000130379 0.010139258 

size_mi=10 
AVA= 0.000006967 0.000004493 0.000005134 0.000005570 0.000005632 0.000005697 0.000005862 0.000005957 0.000006071 0.000006141 0.000006213 0.000006673 0.000006792 0.000006890 0.000006989 0.000007226 0.000007500 0.000007880 0.000008236 0.000009171 0.000010008 0.002019955 
AVA= 0.000007941 0.000004679 0.000006391 0.000006654 0.000006754 0.000006829 0.000006899 0.000006987 0.000007111 0.000007309 0.000007502 0.000007600 0.000007672 0.000007739 0.000007817 0.000007916 0.000008042 0.000008257 0.000008730 0.000009628 0.000011360 0.002021185 
AVA= 0.000009990 0.000004784 0.000006452 0.000006752 0.000006965 0.000007156 0.000007345 0.000007550 0.000007753 0.000007950 0.000008162 0.000008439 0.000008870 0.000009513 0.000010449 0.000011813 0.000012925 0.000013584 0.000014113 0.000014631 0.000015380 0.002805629 
AVA= 0.000013157 0.000004978 0.000010891 0.000011371 0.000011671 0.000011907 0.000012109 0.000012289 0.000012458 0.000012620 0.000012777 0.000012932 0.000013085 0.000013241 0.000013405 0.000013579 0.000013766 0.000013979 0.000014236 0.000014590 0.000015218 0.004205032 
AVA= 0.000031423 0.000006589 0.000028345 0.000028883 0.000029249 0.000029546 0.000029805 0.000030044 0.000030272 0.000030496 0.000030720 0.000030950 0.000031190 0.000031454 0.000031752 0.000032098 0.000032508 0.000032984 0.000033537 0.000034214 0.000035229 0.017747690 
AVA= 0.000047594 0.000007424 0.000029145 0.000030043 0.000030686 0.000031251 0.000031808 0.000032401 0.000033080 0.000033891 0.000034872 0.000036307 0.000057379 0.000060169 0.000061504 0.000062576 0.000063643 0.000064868 0.000066391 0.000068196 0.000070494 0.013295000 
AVA= 0.000077541 0.000007571 0.000048020 0.000050413 0.000051973 0.000053253 0.000054424 0.000055587 0.000056836 0.000058277 0.000060131 0.000062681 0.000065883 0.000070098 0.000085699 0.000100941 0.000105566 0.000108988 0.000112608 0.000118513 0.000130742 0.020452473 

size_mi=11 
AVA= 0.000008119 0.000005098 0.000005781 0.000006096 0.000006307 0.000006360 0.000006524 0.000006678 0.000006779 0.000006899 0.000007372 0.000007511 0.000007720 0.000007941 0.000008617 0.000008832 0.000009097 0.000009571 0.000010040 0.000010748 0.000012313 0.002023492 
AVA= 0.000009615 0.000005043 0.000006133 0.000006456 0.000006849 0.000007211 0.000007454 0.000007581 0.000007677 0.000007775 0.000007897 0.000008087 0.000008500 0.000009038 0.000009733 0.000010678 0.000011871 0.000013490 0.000013874 0.000014177 0.000015002 0.002024970 
AVA= 0.000012312 0.000005580 0.000007344 0.000007847 0.000008260 0.000008794 0.000009461 0.000010167 0.000010858 0.000011538 0.000012188 0.000012722 0.000013143 0.000013447 0.000013771 0.000014136 0.000014516 0.000014907 0.000015306 0.000015901 0.000017016 0.001324885 
AVA= 0.000016729 0.000006373 0.000011900 0.000012443 0.000012825 0.000013148 0.000013446 0.000013744 0.000014059 0.000014395 0.000014730 0.000015014 0.000015263 0.000015488 0.000015705 0.000015934 0.000016211 0.000016641 0.000025051 0.000027827 0.000029362 0.003928262 
AVA= 0.000031172 0.000006247 0.000026906 0.000027643 0.000028185 0.000028652 0.000029080 0.000029473 0.000029834 0.000030165 0.000030475 0.000030777 0.000031077 0.000031403 0.000031769 0.000032187 0.000032661 0.000033193 0.000033802 0.000034548 0.000035635 0.038791038 
AVA= 0.000040737 0.000007471 0.000028300 0.000029137 0.000029795 0.000030374 0.000030888 0.000031342 0.000031765 0.000032187 0.000032636 0.000033150 0.000033752 0.000034456 0.000035320 0.000036704 0.000058530 0.000061067 0.000062821 0.000064682 0.000067232 0.008680511 
AVA= 0.000107033 0.000009008 0.000067008 0.000070770 0.000072995 0.000074736 0.000076256 0.000077686 0.000079108 0.000080608 0.000082301 0.000084411 0.000087669 0.000097835 0.000133536 0.000145701 0.000150365 0.000153941 0.000157381 0.000161272 0.000166959 0.009160321 

size_mi=12 
AVA= 0.000010560 0.000005628 0.000006580 0.000007980 0.000008340 0.000008944 0.000009251 0.000009307 0.000009362 0.000009576 0.000010123 0.000010492 0.000011471 0.000011673 0.000011776 0.000011877 0.000012014 0.000012163 0.000012308 0.000012505 0.000013019 0.001320277 
AVA= 0.000013161 0.000005684 0.000009665 0.000010043 0.000010367 0.000010593 0.000010820 0.000011122 0.000011407 0.000011698 0.000012038 0.000012812 0.000013759 0.000014263 0.000014687 0.000015069 0.000015288 0.000015461 0.000015690 0.000016208 0.000016892 0.000702700 
AVA= 0.000014984 0.000006136 0.000009165 0.000009903 0.000010505 0.000011122 0.000011722 0.000012308 0.000012902 0.000013492 0.000014118 0.000014723 0.000015316 0.000015902 0.000016483 0.000017073 0.000017678 0.000018328 0.000019103 0.000020107 0.000021662 0.000886280 
AVA= 0.000020276 0.000007070 0.000010447 0.000011801 0.000013024 0.000013742 0.000014349 0.000015037 0.000015970 0.000017202 0.000019083 0.000020981 0.000022065 0.000022869 0.000023595 0.000024329 0.000025129 0.000026011 0.000026924 0.000027913 0.000029335 0.006906975 
AVA= 0.000032452 0.000008707 0.000025540 0.000026657 0.000027459 0.000028147 0.000028788 0.000029408 0.000030005 0.000030572 0.000031107 0.000031623 0.000032128 0.000032628 0.000033128 0.000033632 0.000034154 0.000034718 0.000035373 0.000036258 0.000038147 0.016931920 
AVA= 0.000061278 0.000008580 0.000026438 0.000031716 0.000036416 0.000042366 0.000048977 0.000054290 0.000057695 0.000060141 0.000062110 0.000063828 0.000065413 0.000066939 0.000068463 0.000070034 0.000071721 0.000073640 0.000076014 0.000079392 0.000086094 0.045439783 
AVA= 0.000127983 0.000006628 0.000077791 0.000085115 0.000089121 0.000092091 0.000094624 0.000096954 0.000099212 0.000101499 0.000103936 0.000106678 0.000110048 0.000114729 0.000123020 0.000145917 0.000173752 0.000185048 0.000193233 0.000201588 0.000212974 0.004369459 

