size_mi=0 AVA= 0.000005571 0.000003459 0.000003639 0.000003977 0.000004798 0.000004898 0.000004962 0.000005080 0.000005115 0.000005135 0.000005159 0.000005190 0.000005378 0.000006194 0.000006230 0.000006254 0.000006279 0.000006300 0.000006324 0.000006415 0.000007169 0.002008173 
size_mi=1 AVA= 0.000005600 0.000003489 0.000003634 0.000004061 0.000004885 0.000004924 0.000004981 0.000005125 0.000005145 0.000005159 0.000005171 0.000005199 0.000006168 0.000006205 0.000006222 0.000006237 0.000006249 0.000006274 0.000006310 0.000006374 0.000007206 0.002008317 
size_mi=2 AVA= 0.000005520 0.000003461 0.000003618 0.000003728 0.000004889 0.000004927 0.000004961 0.000005088 0.000005141 0.000005159 0.000005171 0.000005193 0.000005253 0.000006196 0.000006215 0.000006235 0.000006248 0.000006274 0.000006312 0.000006353 0.000006877 0.002009496 
size_mi=3 AVA= 0.000005654 0.000003500 0.000003692 0.000004642 0.000004922 0.000004953 0.000005080 0.000005162 0.000005178 0.000005194 0.000005206 0.000005241 0.000006231 0.000006248 0.000006266 0.000006278 0.000006291 0.000006315 0.000006351 0.000006561 0.000007176 0.002013131 
size_mi=4 AVA= 0.000005597 0.000003479 0.000003668 0.000004616 0.000004878 0.000004910 0.000004954 0.000005118 0.000005136 0.000005155 0.000005166 0.000005191 0.000006129 0.000006193 0.000006211 0.000006234 0.000006251 0.000006279 0.000006312 0.000006366 0.000007133 0.002013465 
size_mi=5 AVA= 0.000005638 0.000003493 0.000003679 0.000004017 0.000004286 0.000004930 0.000004969 0.000005008 0.000005164 0.000005195 0.000005211 0.000005240 0.000006170 0.000006232 0.000006247 0.000006269 0.000006285 0.000006320 0.000006391 0.000006919 0.000007233 0.002014261 
size_mi=6 AVA= 0.000005756 0.000003538 0.000004512 0.000004921 0.000004950 0.000004983 0.000005134 0.000005163 0.000005184 0.000005201 0.000005225 0.000005281 0.000006213 0.000006242 0.000006269 0.000006293 0.000006321 0.000006347 0.000006375 0.000006501 0.000007172 0.002015533 
size_mi=7 AVA= 0.000005551 0.000003605 0.000004236 0.000004410 0.000004441 0.000004474 0.000004892 0.000004932 0.000004963 0.000005132 0.000005170 0.000005196 0.000005224 0.000005453 0.000006321 0.000006359 0.000006382 0.000006404 0.000006446 0.000006884 0.000007241 0.002011347 
size_mi=8 AVA= 0.000006182 0.000004129 0.000004441 0.000004567 0.000004950 0.000005117 0.000005139 0.000005158 0.000005175 0.000005208 0.000005357 0.000005396 0.000005440 0.000006440 0.000006994 0.000007101 0.000007146 0.000007256 0.000007829 0.000008045 0.000008880 0.002014145 
size_mi=9 AVA= 0.000006373 0.000004252 0.000004508 0.000005093 0.000005136 0.000005157 0.000005171 0.000005195 0.000005229 0.000005370 0.000005418 0.000005456 0.000005648 0.000006483 0.000007077 0.000007124 0.000007170 0.000007327 0.000007950 0.000008135 0.000008988 0.002020254 
size_mi=10 AVA= 0.000006381 0.000004514 0.000005128 0.000005317 0.000005387 0.000005526 0.000005568 0.000005593 0.000005606 0.000005623 0.000005638 0.000005650 0.000005673 0.000005707 0.000006463 0.000006660 0.000006715 0.000007658 0.000007810 0.000008096 0.000008742 0.002018132 
size_mi=11 AVA= 0.000007694 0.000005124 0.000005558 0.000005614 0.000005687 0.000005856 0.000005897 0.000005981 0.000007318 0.000008096 0.000008232 0.000008275 0.000008313 0.000008345 0.000008374 0.000008408 0.000008470 0.000008667 0.000008809 0.000009156 0.000009318 0.002012479 
size_mi=12 AVA= 0.000010423 0.000005678 0.000007825 0.000008616 0.000008705 0.000008745 0.000008798 0.000009202 0.000009568 0.000009627 0.000010396 0.000010965 0.000011174 0.000011266 0.000011399 0.000011558 0.000011657 0.000011753 0.000011868 0.000012036 0.000012346 0.001170511 
